-5 -1.06 1.05
-4.89474 -1.08 1.04
-4.78947 -1.09 1.06
-4.68421 -1.06 1.06
-4.57895 -1.09 1.09
-4.47368 -1.06 1.06
-4.36842 -1.12 1.06
-4.26316 -1.06 1.11
-4.1579 -1.06 1.09
-4.05263 -1.02 1.05
-3.94737 -1.11 1.05
-3.84211 -1.09 1.14
-3.73684 -1.04 1.06
-3.63158 -1.01 1.09
-3.52632 -1.09 1.05
-3.42105 -1.09 1.11
-3.31579 -1.05 1.08
-3.21053 -1.06 1.08
-3.10527 -1.06 1.05
-3 -1.04 1.08
-2.89474 -1.09 1.06
-2.78948 -1.11 1.08
-2.68421 -1.08 1.09
-2.57895 -1.11 1.08
-2.47369 -1.09 1.08
-2.36843 -1.09 1.06
-2.26316 -1.11 1.08
-2.1579 -1.11 1.06
-2.05264 -1.16 1.14
-1.94737 -1.12 1.18
-1.84211 -1.16 1.18
-1.73685 -1.25 1.21
-1.63158 -1.27 1.27
-1.52632 -1.29 1.31
-1.42106 -1.35 1.3
-1.3158 -1.38 1.42
-1.21053 -1.46 1.48
-1.10527 -1.46 1.52
-1.00001 -1.51 1.5
-0.894743 -1.49 1.49
-0.78948 -1.51 1.48
-0.684217 -1.45 1.49
-0.578954 -1.6 1.56
-0.473691 -1.56 1.6
-0.368428 -1.54 1.54
-0.263165 -1.55 1.55
-0.157902 -1.54 1.54
-0.052639 -1.59 1.6
0.052624 -1.56 1.51
0.157887 -1.61 1.58
0.26315 -1.55 1.45
0.368413 -1.56 1.54
0.473676 -1.59 1.54
0.578939 -1.54 1.61
0.684202 -1.61 1.59
0.789465 -1.56 1.54
0.894728 -1.55 1.56
0.999991 -1.55 1.51
1.10525 -1.55 1.51
1.21052 -1.56 1.54
1.31578 -1.59 1.56
1.42104 -1.54 1.55
1.52631 -1.54 1.56
1.63157 -1.51 1.56
1.73683 -1.62 1.5
1.84209 -1.55 1.51
1.94736 -1.58 1.54
2.05262 -1.59 1.54
2.15788 -1.48 1.56
2.26315 -1.56 1.55
2.36841 -1.65 1.54
2.47367 -1.55 1.55
2.57894 -1.5 1.55
2.6842 -1.61 1.58
2.78946 -1.52 1.58
2.89472 -1.58 1.56
2.99999 -1.61 1.58
3.10525 -1.56 1.61
3.21051 -1.58 1.6
3.31578 -1.55 1.55
3.42104 -1.59 1.56
3.5263 -1.61 1.52
3.63157 -1.56 1.59
3.73683 -1.56 1.55
3.84209 -1.59 1.56
3.94735 -1.54 1.59
4.05262 -1.58 1.59
4.15788 -1.55 1.54
4.26314 -1.59 1.56
4.36841 -1.58 1.6
4.47367 -1.55 1.56
4.57893 -1.59 1.58
4.6842 -1.55 1.61
4.78946 -1.55 1.52
4.89472 -1.64 1.58
4.99998 -1.6 1.55
